"","Sentido","Fecha","Día","0:00:00 hs","1:00:00 hs","2:00:00 hs","3:00:00 hs","4:00:00  hs","5:00:00  hs","6:00:00  hs","7:00:00  hs","8:00:00  hs","9:00:00  hs","10:00:00  hs","11:00:00  hs","12:00:00  hs","13:00:00  hs","14:00:00  hs","15:00:00  hs","16:00:00  hs","17:00:00  hs","18:00:00  hs","19:00:00  hs","20:00:00  hs","21:00:00  hs","22:00:00  hs","23:00:00  hs"
"1","Ingreso",2020-03-01,"Domingo",17381,16073,12695,9028,7348,9464,9132,9365,12246,17336,18035,16273,18748,20235,18428,20097,21751,25273,23994,21797,23737,26343,18596,15535
"2","Ingreso",2020-03-02,"Lunes",9733,5119,2964,2659,2890,2743,4980,10121,11783,27843,25977,24654,26497,23972,25448,24203,24647,26203,25653,24934,23332,18312,14249,10034
"3","Ingreso",2020-03-03,"Martes",6720,3732,2223,2312,4823,14886,23571,25134,28611,27286,25926,24252,23952,27390,24617,23308,24089,23828,25754,22085,22651,21936,14782,11422
"4","Ingreso",2020-03-04,"Miércoles",7508,4091,2407,2462,4870,12690,21000,28810,32900,25633,24075,23493,23445,22409,24168,21357,25502,23799,24933,19364,22471,20148,15723,12088
"5","Ingreso",2020-03-05,"Jueves",8535,4971,2908,2573,5015,14743,21529,26537,26512,26584,24473,22875,22120,23229,21280,21628,24372,25741,25543,22401,22920,23736,15798,12667
"6","Ingreso",2020-03-06,"Viernes",9797,6101,3491,2707,4566,12922,22583,24595,31577,28761,29067,26164,26186,25605,24392,25249,25580,25164,23915,24298,21696,21550,20524,16598
"7","Ingreso",2020-03-07,"Sábado",14493,12793,9579,6464,6454,11383,14093,19184,19047,23846,24349,23456,22958,24131,24298,24022,25121,25708,26360,25921,21630,20871,18000,19396
"8","Ingreso",2020-03-08,"Domingo",20371,17204,13804,9481,7431,9185,9446,9253,13998,18386,17734,19645,21223,23016,20841,22655,27164,23884,22593,26717,26436,17757,22001,14990
"9","Ingreso",2020-03-09,"Lunes",8811,4692,2746,2620,5304,14979,22042,28514,30248,28750,24997,24285,23849,24341,23072,23101,24008,24173,23797,20472,23621,19686,14036,9501
"10","Ingreso",2020-03-10,"Martes",5920,3121,1957,2093,4710,14423,21232,29896,30528,30256,24859,25390,22538,24250,25459,24772,24394,26788,27695,24491,19514,20761,14331,11375
"11","Ingreso",2020-03-11,"Miércoles",8451,4129,2343,2286,4670,14706,23084,26076,30408,27857,23975,23633,24202,21448,20091,20148,21563,21465,23456,21683,25180,18166,12624,8845
"12","Ingreso",2020-03-12,"Jueves",6463,3433,1992,2046,4354,13618,24489,24238,31805,28440,27213,25136,26025,24974,23651,23700,24785,24745,25312,25281,20186,19861,15389,11724
"13","Ingreso",2020-03-13,"Viernes",8500,4931,3077,2733,5157,14867,21396,25974,28966,26978,24295,23186,24232,23526,22489,21900,25011,24917,23725,21145,21993,18991,17522,12978
"14","Ingreso",2020-03-14,"Sábado",11499,9567,6941,5332,5592,10695,12929,17552,20681,20512,19502,17822,21735,18363,18943,20903,20916,21864,21306,24490,19339,19745,15270,11553
"15","Ingreso",2020-03-15,"Domingo",11758,10542,8150,6024,5098,7114,6657,6235,7991,13507,19016,19776,18884,22021,21477,20733,23104,23392,22732,24906,19868,17552,12819,9631
"16","Egreso",2020-03-01,"Lunes",19394,17832,13613,10108,7737,8639,9588,10103,13818,19451,18316,16318,19918,20028,17148,15738,15267,15660,15197,15762,18543,21356,14306,15220
"17","Egreso",2020-03-02,"Martes",11892,6179,3740,2901,2013,NA,NA,NA,NA,18550,17398,17660,21322,18921,21980,19607,18632,19571,19973,24041,26231,20214,17329,12724
"18","Egreso",2020-03-03,"Miércoles",8763,4928,2968,2584,4024,10333,16601,15373,17064,17116,16535,16807,18298,21005,22390,19443,18525,17527,20373,20969,24294,25971,18237,13694
"19","Egreso",2020-03-04,"Jueves",10250,5786,3546,2815,4270,8232,11939,17331,20627,15166,15761,16672,18205,16613,21316,17167,20841,17119,21322,18821,23794,22065,20077,15172
"20","Egreso",2020-03-05,"Viernes",11446,6622,3835,3209,4410,11120,15852,17790,16025,16343,16333,16211,16875,18123,16245,16482,19374,20118,19901,21674,23091,27274,19480,15280
"21","Egreso",2020-03-06,"Sábado",12166,7884,4856,3513,4696,10899,19479,16697,19514,18327,21227,19734,20595,19777,19636,20111,20723,19543,19316,24731,21806,20187,23343,19214
"22","Egreso",2020-03-07,"Domingo",17635,15195,11498,8149,7140,10164,14076,19066,15788,18795,19610,20251,21129,21356,22619,21467,20317,19237,20136,21946,17791,19883,18809,19909
"23","Egreso",2020-03-08,"Lunes",22869,20444,15824,11620,8381,8945,10005,11424,15631,20236,19129,20193,20562,21782,18617,18995,21606,17763,16889,21875,22633,13969,19608,15041
"24","Egreso",2020-03-09,"Martes",11423,6370,3696,2956,4470,11445,16951,17674,17348,17750,15902,16247,17167,17719,17932,17824,18882,22046,23164,21313,27780,24015,17399,11797
"25","Egreso",2020-03-10,"Miércoles",7993,4281,2528,2302,3877,10602,15626,17768,17965,18634,16243,16668,15869,17201,21032,20625,19213,19642,23030,25353,20640,25765,18534,13751
"26","Egreso",2020-03-11,"Jueves",10909,5822,3242,2585,3972,10980,17264,16705,20750,19023,18170,19803,22530,20189,20966,21392,23147,19714,21458,22898,30971,22129,16712,11532
"27","Egreso",2020-03-12,"Viernes",8484,4907,2884,2443,3723,10043,19070,13689,17486,16349,17111,17911,18617,17667,17888,18097,18478,18174,20631,28268,21888,22776,20197,15000
"28","Egreso",2020-03-13,"Sábado",11418,7109,4186,3284,4379,11087,16101,17431,18318,17456,16484,15823,18545,17506,17865,16304,19473,19113,21869,22556,24434,21711,22507,16832
"29","Egreso",2020-03-14,"Domingo",15091,12614,9377,6911,6315,9168,12431,15848,19414,20237,19405,20507,23909,19349,18519,22516,21875,23583,22695,26283,20612,20350,17042,13475
"30","Egreso",2020-03-15,"Lunes",14049,12834,9849,7192,5905,6710,7064,6915,8906,13701,19758,19648,18411,20770,21957,18681,18619,18612,18913,24352,19947,18977,14364,10935
